19127
19172
19121
19171
19197
19193
19162
19207
19251
19279
19275
19324
19234
19365
19386
19405
19424
19429
19451
19467
19472
19373
19375
19413
19464
19447
19483
19505
19525
19545
19560
19539
19593
19607
19635
19641
19673
19688
19703
19716
19729
19618
19710
19720
19689
19658
19657
19708
19761
19777
19787
19807
19810
19754
19781
19859
19831
19883
19905
19929
19922
19975
19932
19917
19998
19880
19923
19984
20018
20053
19971
20074
19911
20095
20109
20121
20096
20039
20006
20041
20078
20115
20344
20384
20406
20367
20422
20301
20340
20428
20437
20435
20483
20443
20448
20465
20445
20491
20500
20458
20471
20541
20519
20573
20587
20601
20600
20514
20565
20557
20570
20576
20582
20623
20649
20638
20662
20682
20687
20653
20716
20633
20704
20736
20681
20714
20732
20697
20784
20724
20776
20806
20826
20809
20846
20772
20850
20875
20838
20866
20871
20876
20889
20883
20839
20925
20936
20910
20790
20902
20937
20921
20994
20950
20969
21002
20933
20964
20990
21014
